find.freq <- function(x)
{
n <- length(x)
spec <- spec.ar(c(x),plot=FALSE)
print(spec)
if(max(spec$spec)>10) # Arbitrary threshold chosen by trial and error.
{
period <- round(1/spec$freq[which.max(spec$spec)])
if(period==Inf) # Find next local maximum
{
j <- which(diff(spec$spec)>0)
if(length(j)>0)
{
nextmax <- j[1] + which.max(spec$spec[j[1]:500])
period <- round(1/spec$freq[nextmax])
}
else
period <- 1
}
}
else
period <- 1
return(period)
}
x <- c(254, 253, 252, 251, 250, 249, 248, 247, 246, 244, 243, 242, 240, 239, 238, 236,
235, 233, 231, 230, 228, 227, 225, 223, 221, 220, 218, 216, 215, 213, 211, 209,
207, 205, 203, 201, 199, 198, 196, 194, 192, 190, 188, 187, 185, 183, 181, 179,
177, 175, 174, 172, 170, 168, 167, 165, 163, 162, 160, 159, 157, 156, 154, 153,
151, 150, 149, 147, 146, 145, 144, 143, 142, 141, 140, 139, 139, 138, 137, 136,
135, 135, 134, 134, 133, 133, 132, 132, 132, 132, 131, 131, 131, 131, 131, 131,
131, 132, 132, 132, 133, 133, 133, 134, 135, 135, 136, 137, 138, 139, 139, 140,
141, 142, 143, 144, 145, 146, 147, 148, 149, 151, 152, 153, 154, 156, 157, 158,
159, 160, 161, 162, 163, 164, 165, 165, 166, 167, 167, 168, 168, 169, 169, 169,
170, 170, 170, 170, 170, 170, 170, 170, 169, 169, 169, 168, 168, 167, 167, 166,
165, 164, 163, 163, 162, 161, 160, 159, 158, 157, 156, 154, 153, 152, 151, 150,
149, 147, 146, 145, 144, 143, 141, 140, 139, 138, 138, 137, 136, 135, 135, 135,
135, 135, 134, 134, 134, 135, 135, 135, 136, 137, 138, 139, 140, 142, 144, 146,
148, 150, 152, 154, 157, 160, 163, 166, 169, 173, 176, 180, 184, 187, 191, 195,
199, 203, 207, 211, 215, 218, 222, 225, 229, 233, 236, 240, 243, 247, 250, 254,
257, 260, 264, 267, 270, 273, 276, 279, 282, 285, 288, 291, 294, 297, 300, 302,
305, 308, 311, 313, 316, 318, 320, 323, 325, 327, 329, 331, 333, 335, 337, 338,
340, 341, 342, 344, 345, 346, 347, 347, 348, 349, 349, 350, 350, 350, 351, 351,
351, 350, 350, 350, 349, 349, 348, 347, 347, 346, 345, 344, 343, 341, 340, 339,
337, 335, 334, 332, 330, 327, 325, 323, 321, 318, 315, 313, 310, 307, 304, 301,
297, 294, 290, 287, 282, 278, 274, 270, 266, 261, 256, 252, 247, 242, 238, 233,
228, 224, 219, 214, 210, 206, 201, 197, 193, 189, 185, 181, 177, 173, 169, 165,
162, 158, 155, 152, 149, 146, 144, 142, 140, 138, 137, 135, 134, 133, 133, 132,
132, 132, 132, 133, 134, 135, 136, 137, 138, 140, 143, 145, 148, 151, 155, 158,
162, 166, 170, 174, 178, 182, 186, 191, 195, 199, 203, 208, 212, 216, 220, 224,
227, 231, 235, 238, 241, 244, 247, 250, 253, 256, 259, 261, 264, 266, 268, 271,
273, 275, 276, 278, 280, 281, 282, 283, 284, 285, 286, 287, 287, 287, 287, 287,
287, 287, 286, 286, 285, 284, 282, 281, 279, 278, 276, 274, 272, 270, 267, 265,
262, 259, 255, 252, 248, 244, 241, 237, 233, 229, 224, 220, 216, 212, 207, 203,
199, 194, 190, 186, 182, 178, 174, 171, 167, 163, 160, 156, 153, 150, 147, 144,
142, 140, 138, 137, 136, 135, 135, 135, 135, 135, 135, 136, 137, 138, 139, 140,
142, 144, 146, 148, 151, 154, 156, 159, 163, 166, 169, 173, 177, 182, 186, 190,
195, 199, 204, 209, 213, 217, 222, 226, 230, 234, 238, 242, 246, 250, 254, 258,
262, 266, 270, 274, 278, 282, 286, 290, 294, 298, 301, 305, 308, 312, 315, 318,
321, 324, 326, 329, 332, 334, 336, 339, 341, 343, 344, 346, 348, 350, 351, 352,
354, 355, 356, 357, 358, 358, 359, 359, 360, 360, 360, 360, 360, 360, 360, 360,
359, 359, 358, 357, 356, 356, 355, 353, 352, 351, 350, 348, 347, 345, 343, 341,
340, 337, 335, 333, 330, 328, 325, 323, 320, 317, 314, 311, 308, 304, 301, 297,
293, 289, 285, 280, 276, 272, 267, 263, 258, 253, 248, 244, 239, 234, 229, 224,
219, 215, 210, 206, 202, 198, 194, 190, 186, 182, 178, 174, 170, 167, 163, 160,
157, 155, 152, 151, 150, 148, 148, 147, 147, 147, 147, 147, 148, 148, 149, 150,
152, 153, 155, 157, 159, 161, 163, 166, 170, 173, 177, 181, 185, 188, 192, 196,
199, 203, 206, 210, 213, 217, 220, 223, 226, 230, 233, 236, 239, 242, 244, 247,
249, 251, 253, 255, 257, 259, 260, 261, 262, 263, 264, 265, 265, 266, 266, 266,
266, 266, 265, 265, 264, 263, 261, 260, 259, 257, 255, 253, 251, 249, 247, 244,
241, 239, 236, 233, 230, 227, 223, 220, 216, 212, 208, 204, 200, 195, 191, 186,
182, 179, 175, 171, 168, 165, 161, 158, 155, 152, 150, 148, 146, 144, 142, 140,
139, 138, 138, 138, 138, 139, 140, 141, 142, 143, 144, 145, 147, 149, 151, 153,
156, 159, 161, 164, 168, 171, 175, 179, 183, 188, 192, 196, 201, 205, 209, 213,
217, 221, 225, 229, 233, 237, 241, 245, 248, 252, 256, 259, 263, 267, 271, 274,
278, 282, 285, 289, 292, 296, 299, 302, 306, 309, 312, 315, 318, 321, 324, 327,
330, 332, 334, 337, 339, 341, 343, 345, 347, 349, 350, 352, 353, 355, 356, 357,
358, 359, 360, 361, 361, 362, 362, 363, 363, 363, 363, 363, 363, 363, 362, 362,
361, 360, 360, 359, 358, 357, 355, 354, 353, 351, 350, 348, 346, 344, 342, 340,
338, 335, 333, 331, 328, 326, 323, 320, 317, 315, 312, 309, 305, 302, 298, 294,
290, 286, 283, 278, 274, 270, 266, 262, 258, 254, 250, 246, 242, 238, 234, 230,
226, 222, 218, 214, 210, 206, 202, 199, 195, 191, 187, 184, 180, 176, 173, 170,
166, 163, 160, 157, 154, 152, 149, 147, 145, 143, 141, 140, 138, 136, 134, 132,
130, 129, 127, 126, 124, 123, 122, 121, 120, 118, 117, 116, 115, 115, 114, 113,
113, 112, 111, 111, 110, 109, 109, 108, 108, 107, 107, 107, 106, 106, 106, 106,
105, 105, 105, 105, 104, 104, 104, 104, 104, 104, 103, 103, 103, 103, 103, 103,
103, 103, 103, 103, 103, 103, 103, 103, 103, 104, 104, 104, 104, 104, 104, 105,
105, 105, 106, 106, 106, 107, 107, 108, 108, 109, 109, 110, 110, 111, 112, 112,
113, 114, 114, 115, 116, 116, 117, 118, 119, 120, 121, 122, 123, 124, 125, 126,
127, 128, 129, 130, 131, 132, 133, 134, 135, 136, 137, 139, 140, 141, 143, 144,
146, 147, 149, 150, 152, 153, 155, 157, 158, 160, 162, 164, 166, 167, 170, 172,
174, 176, 178, 180, 183, 185, 188, 190, 193, 195, 198, 200, 203, 205, 208, 210,
212, 215, 217, 220, 223, 225, 228, 230, 233, 235, 238, 241, 244, 246, 249, 252,
255, 258, 260, 263, 266, 268, 271, 273, 276, 278, 281, 283, 286, 288, 290, 293,
295, 297, 299, 301, 303, 305, 307, 309, 311, 312, 314, 315, 317, 318, 319, 321,
322, 323, 324, 325, 326, 326, 327, 328, 328, 329, 329, 329, 329, 329, 329, 329,
329, 329, 329, 328, 328, 327, 327, 326, 325, 324, 324, 323, 322, 320, 319, 318,
317, 316, 314, 313, 311, 310, 308, 306, 304, 302, 300, 298, 296, 294, 291, 289,
287, 284, 282, 280, 277, 275, 273, 270, 268, 265, 262, 260, 257, 254, 252, 249,
246, 243, 241, 238, 235, 232, 229, 226, 223, 220, 217, 214, 212, 209, 206, 203,
200, 197, 194, 191, 187, 184, 181, 178, 176, 173, 170, 167, 164, 161, 158, 155,
153, 150, 148, 146, 144, 142, 139, 137, 135, 133, 132, 130, 129, 127, 126, 125,
124, 123, 123, 122, 122, 122, 122, 123, 123, 124, 125, 127, 128, 130, 132, 134,
136, 139, 142, 145, 148, 150, 153, 156, 159, 162, 165, 168, 172, 175, 179, 182,
186, 190, 194, 197, 201, 204, 208, 211, 214, 218, 221, 224, 228, 231, 234, 237,
240, 242, 245, 248, 250, 253, 255, 257, 259, 260, 262, 263, 265, 266, 267, 268,
268, 269, 270, 270, 270, 270, 270, 270, 270, 269, 268, 268, 267, 266, 265, 264,
262, 261, 259, 257, 255, 253, 250, 248, 245, 242, 240, 237, 234, 231, 229, 226,
224, 222, 219, 217, 215, 212, 210, 208, 206, 204, 202, 201, 199, 198, 196, 195,
194, 194, 193, 193, 194, 194, 195, 196, 197, 198, 199, 200, 201, 203, 205, 207,
209, 212, 215, 218, 221, 224, 227, 230, 232, 235, 238, 241, 244, 248, 251, 254,
257, 260, 263, 266, 268, 271, 274, 276, 278, 281, 283, 285, 287, 289, 291, 293,
295, 297, 298, 300, 301, 302, 304, 305, 306, 307, 308, 310, 311, 312, 313, 314,
315, 316, 317, 318, 318, 319, 319, 320, 320, 320, 320, 320, 320, 319, 319, 318,
317, 316, 316, 315, 314, 313, 311, 310, 309, 307, 305, 304, 302, 301, 299, 298,
296, 294, 292, 290, 288, 287, 285, 283, 281, 279, 277, 275, 274, 272, 270, 268,
267, 265, 263, 261, 259, 257, 256, 254, 252, 250, 248, 246, 244, 242, 241, 238,
236, 234, 232, 230, 228, 226, 223, 221, 219, 216, 213, 210, 207, 203, 199, 195,
191, 186, 182, 177, 173, 168, 164, 158, 153, 148, 142, 136, 131, 125, 120, 114,
109, 105, 100, 95, 91, 86, 82, 78, 75, 72, 69, 67, 66, 66, 67, 69, 72, 75, 78,
82, 87, 92, 97, 103, 110, 117, 123, 130, 137, 144, 151, 158, 165, 172, 178, 184,
191, 198, 204, 211, 218, 224, 231, 237, 243, 250, 256, 262, 268, 274, 280, 285,
291, 296, 301, 306, 311, 316, 321, 325, 329, 334, 338, 342, 345, 349, 352, 355,
358, 361, 364, 366, 368, 370, 372, 374, 375, 376, 377, 378, 378, 379, 379, 379,
379, 379, 378, 377, 376, 375, 373, 372, 370, 368, 366, 364, 361, 358, 355, 352,
349, 346, 343, 339, 335, 331, 327, 323, 319, 315, 310, 306, 301, 296, 292, 287,
282, 277, 272, 267, 261, 255, 250, 244, 239, 233, 227, 221, 217, 212, 208, 204,
200, 197, 194, 191, 189, 186, 184, 182, 181, 180, 179, 179, 179, 179, 180, 180,
181, 183, 185, 187, 190, 192, 195, 199, 202, 206, 210, 214, 218, 222, 226, 230,
233, 237, 241, 245, 249, 252, 256, 260, 264, 268, 272, 277, 281, 285, 289, 293,
297, 301, 304, 308, 311, 315, 318, 322, 326, 329, 332, 336, 339, 343, 346, 349,
352, 355, 358, 361, 364, 366, 369, 371, 374, 376, 378, 380, 382, 384, 386, 388,
389, 391, 392, 394, 395, 396, 397, 398, 399, 399, 400, 401, 401, 401, 402, 402,
402, 402, 402, 402, 402, 401, 401, 400, 400, 399, 398, 397, 396, 395, 394, 393,
391, 389, 388, 386, 384, 382, 380, 378, 376, 373, 371, 368, 366, 363, 360, 357,
354, 351, 348, 345, 341, 337, 333, 329, 325, 320, 315, 310, 304, 299, 293, 287,
281, 275, 269, 262, 256, 249, 243, 236, 229, 223, 216, 210, 204, 198, 193, 187,
182, 177, 172, 167, 163, 159, 155, 152, 149, 146, 144, 143, 142, 142, 143, 145,
147, 149, 151, 154, 157, 161, 164, 168, 172, 176, 180, 185, 189, 194, 198, 203,
208, 213, 218, 222, 227, 232, 237, 241, 246, 250, 255, 259, 264, 268, 272, 277,
281, 285, 290, 294, 298, 301, 305, 309, 312, 316, 320, 323, 326, 329, 332, 335,
338, 340, 342, 344, 346, 348, 350, 351, 352, 353, 354, 355, 355, 356, 356, 356,
356, 356, 355, 354, 354, 353, 351, 350, 349, 347, 345, 343, 341, 339, 336, 334,
331, 328, 325, 322, 319, 315, 312, 308, 305, 301, 297, 292, 288, 284, 279, 275,
270, 266, 261, 256, 251, 246, 241, 236, 230, 225, 220, 214, 209, 203, 198, 193,
187, 182, 178, 175, 171, 169, 167, 165, 163, 162, 161, 159, 159, 158, 158, 158,
159, 159, 160, 161, 163, 164, 166, 169, 172, 175, 178, 182, 186, 190, 193, 198,
202, 206, 211, 215, 219, 223, 228, 232, 237, 241, 246, 250, 254, 259, 263, 268,
272, 277, 281, 286, 290, 295, 299, 302, 306, 310, 314, 318, 322, 325, 329, 333,
336, 340, 343, 346, 349, 353, 356, 358, 361, 364, 366, 369, 371, 373, 375, 377,
379, 381, 383, 384, 386, 387, 388, 389, 390, 391, 392, 392, 393, 393, 393, 394,
394, 393, 393, 393, 392, 392, 391, 390, 390, 388, 387, 386, 385, 383, 382, 380,
378, 376, 374, 372, 370, 368, 366, 363, 361, 358, 355, 353, 350, 347, 344, 341,
337, 334, 331, 327, 324, 320, 316, 312, 307, 303, 298, 293, 289, 283, 278, 273,
268, 262, 256, 251, 245, 239, 234, 228, 223, 218, 213, 208, 203, 198, 193, 189,
184, 180, 176, 171, 168, 164, 160, 157, 155, 152, 150, 148, 147, 146, 145, 145,
145, 145, 146, 148, 149, 151, 153, 155, 157, 160, 163, 167, 171, 175, 178, 182,
186, 190, 194, 198, 202, 207, 211, 215, 219, 223, 227, 231, 235, 238, 242, 245,
248, 252, 255, 258, 262, 265, 268, 270, 273, 276, 278, 281, 283, 285, 287, 289,
291, 293, 295, 296, 298, 299, 300, 301, 302, 302, 303, 303, 304, 304, 304, 304,
303, 303, 303, 302, 301, 300, 299, 298, 297, 295, 293, 291, 289, 287, 285, 283,
280, 278, 275, 273, 270, 267, 264, 262, 259, 256, 253, 250, 247, 244, 241, 238,
235, 232, 229, 227, 224, 221, 218, 216, 213, 210, 208, 205, 202, 200, 198, 195,
193, 192, 190, 188, 187, 186, 185, 184, 183, 182, 181, 181, 181, 181, 181, 181,
181, 182, 183, 183, 184, 186, 187, 188, 189, 191, 193, 194, 196, 198, 201, 203,
205, 208, 210, 213, 215, 218, 220, 223, 226, 228, 231, 234, 236, 239, 242, 245,
247, 250, 253, 256, 258, 261, 264, 267, 269, 272, 274, 277, 279, 282, 284, 286,
289, 291, 293, 295, 298, 300, 302, 304, 306, 308, 310, 311, 313, 315, 316, 318,
319, 320, 322, 323, 324, 325, 325, 326, 327, 327, 328, 328, 328, 328, 328, 328,
328, 328, 327, 327, 326, 325, 325, 324, 322, 321, 320, 319, 317, 316, 314, 312,
311, 309, 307, 305, 302, 300, 298, 295, 292, 290, 287, 284, 281, 277, 274, 270,
266, 262, 258, 254, 250, 245, 240, 236, 231, 225, 220, 215, 210, 204, 199, 193,
187, 181, 175, 169, 163, 158, 152, 146, 140, 135, 129, 124, 118, 113, 108, 104,
100, 96, 93, 90, 89, 88, 89, 90, 92, 94, 97, 101, 106, 111, 117, 123, 128, 134,
140, 147, 154, 161, 167, 174, 181, 187, 194, 201, 208, 214, 221, 227, 234, 240,
247, 253, 260, 267, 273, 279, 285, 291, 297, 303, 308, 314, 319, 325, 330, 335,
341, 346, 350, 355, 359, 363, 367, 371, 374, 377, 380, 382, 385, 387, 389, 391,
392, 394, 395, 396, 397, 397, 398, 398, 398, 398, 397, 397, 396, 395, 395, 393,
392, 390, 389, 387, 385, 383, 381, 378, 376, 373, 370, 366, 363, 359, 355, 350,
346, 341, 337, 332, 327, 323, 318, 313, 308, 304, 301, 297, 293, 290, 288, 285,
283, 281, 279, 277, 275, 273, 272, 270, 269, 268, 266, 266, 265, 264, 264, 264,
263, 263, 262, 261, 260, 260, 259, 259, 259, 258, 258, 258, 258, 258, 258, 258,
258, 258, 258, 257, 256, 256, 254, 253, 251, 248, 245, 242, 238, 233, 228, 223,
217, 210, 203, 197, 189, 180)
find.freq(test)
find.freq(x)
getwd()
setwd('//home//user//Documents//workspace//First-project//output')
#install.packages('jsonlite')
library(jsonlite)
#install.packages('stringr')
library(stringr)
dir <- list.files()
dir <- dir[substr(dir, nchar(dir)-3, nchar(dir))==".csv"]
dir <- dir[0:184]
id_list <- c(2, 4, 60, 100, 104, 142, 158, 198, 316, 322, 378, 386, 426, 430, 432, 500, 610, 636, 646, 650, 670, 686, 776, 792, 824, 868, 904, 916, 918, 992, 1016, 1026, 1182, 1228, 1270, 1318, 1480)
id_list
file_list <- NULL
file_list <- c(file_list, dir[substr(dir, 0, 4) == '1112'][2])
file_list <- c(file_list, dir[substr(dir, 0, 4) == '1158'][2])
file_list <- c(file_list, dir[substr(dir, 0, 4) == '0762'][1])
file_list <- c(file_list, dir[substr(dir, 0, 4) == '0202'][1])
file_list <- c(file_list, dir[substr(dir, 0, 4) == '1372'][1])
file_list
dir
substr(dir, 0, 4)
substr(dir, 0, 4)==f
substr(dir,0,4)=="1322"
substr(dir, 0, 4)
apply(X = substr(dir, 0, 4), FUN = integer)
apply(X = substr(dir, 0, 4), FUN = as.integer)
apply(X = substr(dir, 0, 4), FUN = as.integer())
apply(X = substr(dir, 0, 4), FUN = as.integer
)
lapply(substr(dir,0,4), as.integer)
unlist(lapply(substr(dir,0,4), as.integer))
apply(substr(dir,0,4), 1, as.interger)
apply(substr(dir,0,4), 1, as.integer)
apply(substr(dir,0,4), 2, as.integer)
sapply(substr(dir,0,4), as.integer)
t <- sapply(substr(dir,0,4), as.integer)
t
length(t)
t[1]
col.names(t)
for(f in id_list)
{
print(f)
file_list <- c(file_list, dir[unlist(lapply(substr(dir,0,4), as.integer))==f])
}
file_list
cnt <- 0
### merge ###
csv_files <- file_list
csv_files
merge_data <- NA
### merge ###
csv_files <- file_list
merge_data <- NA
for(csv in csv_files)
{
if(nchar(csv)==15)
{
temp <- read.csv(csv, header=TRUE)
merge_data <- rbind(merge_data, temp)
}
}
merge_data <- merge_data[-1,]
write.csv(merge_data, file = 'filter.csv', row.names = FALSE)
str(merge_data)
sort(csv_files)
csv_files <- sort(csv_files)
merge_data <- NA
for(csv in csv_files)
{
if(nchar(csv)==15)
{
temp <- read.csv(csv, header=TRUE)
merge_data <- rbind(merge_data, temp)
}
}
merge_data <- merge_data[-1,]
write.csv(merge_data, file = 'filter.csv', row.names = FALSE)
str(merge_data)
